-8.010000e-01 1.234000e-01
-7.759719e-01 3.057172e-01
-7.301485e-01 4.804996e-01
-6.645285e-01 6.456394e-01
-5.803603e-01 7.989449e-01
-4.791522e-01 9.381558e-01
-3.626759e-01 1.061015e+00
-2.329599e-01 1.165394e+00
-9.226478e-02 1.249461e+00
5.696172e-02 1.311860e+00
2.121497e-01 1.351871e+00
3.706881e-01 1.369519e+00
5.300136e-01 1.365594e+00
6.876969e-01 1.341593e+00
8.415170e-01 1.299568e+00
9.895145e-01 1.241931e+00
1.130021e+00 1.171236e+00
1.261664e+00 1.089978e+00
1.383350e+00 1.000433e+00
1.494230e+00 9.045410e-01
1.593660e+00 8.038532e-01
1.681154e+00 6.995133e-01
1.756333e+00 5.922785e-01
1.818887e+00 4.825607e-01
1.868538e+00 3.704807e-01
1.905006e+00 2.559273e-01
1.927988e+00 1.386179e-01
1.937142e+00 1.815855e-02
1.932075e+00 -1.058966e-01
1.912342e+00 -2.339831e-01
1.877454e+00 -3.664607e-01
1.826884e+00 -5.035382e-01
1.760097e+00 -6.451887e-01
1.676578e+00 -7.910522e-01
1.575878e+00 -9.403281e-01
1.457673e+00 -1.091666e+00
1.321833e+00 -1.243067e+00
1.168500e+00 -1.391827e+00
9.981730e-01 -1.534552e+00
8.117808e-01 -1.667275e+00
6.107342e-01 -1.785725e+00
3.969399e-01 -1.885731e+00
1.727598e-01 -1.963730e+00
-5.909146e-02 -2.017305e+00
-2.957063e-01 -2.045619e+00
-5.341843e-01 -2.049644e+00
-7.718422e-01 -2.032113e+00
-1.006404e+00 -1.997212e+00
-1.236140e+00 -1.950089e+00
-1.459952e+00 -1.896308e+00
-1.677386e+00 -1.841346e+00
-1.888602e+00 -1.790231e+00
-2.094311e+00 -1.747323e+00
-2.295682e+00 -1.716228e+00
-2.494265e+00 -1.699811e+00
-2.691901e+00 -1.700258e+00
-2.890649e+00 -1.719134e+00
-3.092715e+00 -1.757421e+00
-3.300387e+00 -1.815492e+00
-3.515955e+00 -1.893009e+00
-3.741618e+00 -1.988734e+00
-3.979369e+00 -2.100267e+00
-4.230838e+00 -2.223732e+00
-4.497102e+00 -2.353506e+00
-4.778480e+00 -2.482110e+00
-5.074318e+00 -2.600430e+00
-5.382839e+00 -2.698426e+00
-5.701102e+00 -2.766357e+00
-6.025124e+00 -2.796363e+00
-6.350195e+00 -2.783967e+00
-6.671326e+00 -2.729008e+00
-6.983769e+00 -2.635628e+00
-7.283463e+00 -2.511316e+00
-7.567340e+00 -2.365375e+00
-7.833442e+00 -2.207334e+00
-8.080873e+00 -2.045714e+00
-8.309630e+00 -1.887327e+00
-8.520392e+00 -1.737075e+00
-8.714304e+00 -1.598085e+00
-8.892786e+00 -1.472031e+00
-9.057386e+00 -1.359493e+00
-9.209673e+00 -1.260297e+00
-9.351163e+00 -1.173789e+00
-9.483282e+00 -1.099037e+00
-9.607336e+00 -1.034981e+00
-9.724505e+00 -9.805265e-01
-9.835845e+00 -9.346006e-01
-9.942288e+00 -8.961875e-01
-1.004465e+01 -8.643425e-01
-1.014365e+01 -8.381958e-01
-1.023990e+01 -8.169488e-01
-1.033392e+01 -7.998670e-01
-1.042617e+01 -7.862715e-01
-1.051701e+01 -7.755290e-01
-1.060673e+01 -7.670442e-01
-1.069557e+01 -7.602519e-01
-1.078370e+01 -7.546125e-01
-1.087120e+01 -7.496090e-01
-1.095814e+01 -7.447463e-01
-1.104450e+01 -7.395540e-01
-1.113022e+01 -7.335898e-01
-1.121517e+01 -7.264471e-01
-1.129921e+01 -7.177623e-01
-1.138213e+01 -7.072245e-01
-1.146370e+01 -6.945847e-01
-1.154368e+01 -6.796647e-01
-1.162178e+01 -6.623650e-01
-1.169772e+01 -6.426697e-01
-1.177124e+01 -6.206494e-01
-1.184207e+01 -5.964607e-01
-1.190997e+01 -5.703423e-01
-1.197473e+01 -5.426077e-01
-1.203619e+01 -5.136355e-01
-1.209423e+01 -4.838567e-01
-1.214878e+01 -4.537411e-01
-1.219983e+01 -4.237818e-01
-1.224742e+01 -3.944803e-01
-1.229167e+01 -3.663315e-01
-1.233274e+01 -3.398100e-01
-1.237083e+01 -3.153577e-01
-1.240622e+01 -2.933722e-01
-1.243921e+01 -2.741985e-01
-1.247015e+01 -2.581212e-01
-1.249941e+01 -2.453591e-01
-1.252738e+01 -2.360617e-01
-1.255448e+01 -2.303068e-01
-1.258111e+01 -2.281004e-01
-1.260769e+01 -2.293777e-01
-1.263462e+01 -2.340053e-01
-1.266227e+01 -2.417851e-01
-1.269100e+01 -2.524593e-01
-1.272112e+01 -2.657160e-01
-1.275292e+01 -2.811969e-01
-1.278663e+01 -2.985048e-01
-1.282244e+01 -3.172123e-01
-1.286049e+01 -3.368717e-01
-1.290085e+01 -3.570242e-01
-1.294357e+01 -3.772104e-01
-1.298862e+01 -3.969801e-01
-1.303592e+01 -4.159019e-01
-1.308535e+01 -4.335722e-01
-1.313675e+01 -4.496228e-01
-1.318991e+01 -4.637272e-01
-1.324458e+01 -4.756054e-01
-1.330049e+01 -4.850267e-01
-1.335735e+01 -4.918099e-01
-1.341483e+01 -4.958223e-01
-1.347262e+01 -4.969758e-01
-1.353037e+01 -4.952226e-01
-1.358775e+01 -4.905478e-01
-1.364442e+01 -4.829623e-01
-1.370003e+01 -4.724947e-01
-1.375426e+01 -4.591828e-01
-1.380678e+01 -4.430656e-01
-1.385726e+01 -4.241758e-01
-1.390538e+01 -4.025333e-01
-1.395083e+01 -3.781394e-01
-1.399327e+01 -3.509724e-01
-1.403239e+01 -3.209851e-01
-1.406786e+01 -2.881023e-01
-1.409932e+01 -2.522211e-01
-1.412643e+01 -2.132122e-01
-1.414881e+01 -1.709218e-01
-1.416607e+01 -1.251766e-01
-1.417780e+01 -7.578969e-02
-1.418356e+01 -2.256818e-02
-1.418289e+01 3.467625e-02
-1.417533e+01 9.611453e-02
-1.416036e+01 1.618843e-01
-1.413748e+01 2.320704e-01
-1.410618e+01 3.066816e-01
-1.406595e+01 3.856235e-01
-1.401628e+01 4.686669e-01
-1.395674e+01 5.554137e-01
-1.388691e+01 6.452615e-01
-1.380649e+01 7.373694e-01
-1.371527e+01 8.306305e-01
-1.361320e+01 9.236565e-01
-1.350040e+01 1.014784e+00
-1.337720e+01 1.102106e+00
-1.324416e+01 1.183545e+00
-1.310209e+01 1.256956e+00
-1.295204e+01 1.320273e+00
-1.279531e+01 1.371676e+00
-1.263336e+01 1.409761e+00
-1.246779e+01 1.433691e+00
-1.230028e+01 1.443298e+00
-1.213246e+01 1.439119e+00
-1.196587e+01 1.422355e+00
-1.180188e+01 1.394765e+00
-1.164163e+01 1.358511e+00
-1.148598e+01 1.315982e+00
-1.133554e+01 1.269623e+00
-1.119059e+01 1.221791e+00
-1.105118e+01 1.174645e+00
-1.091713e+01 1.130088e+00
-1.078804e+01 1.089732e+00
-1.066333e+01 1.054911e+00
-1.054229e+01 1.026700e+00
-1.042411e+01 1.005959e+00
-1.030788e+01 9.933773e-01
-1.019260e+01 9.895187e-01
-1.007725e+01 9.948655e-01
-9.960715e+00 1.009853e+00
-9.841856e+00 1.034899e+00
-9.719477e+00 1.070415e+00
-9.592337e+00 1.116813e+00
-9.459146e+00 1.174482e+00
-9.318572e+00 1.243755e+00
-9.169253e+00 1.324834e+00
-9.009812e+00 1.417685e+00
-8.838901e+00 1.521889e+00
-8.655250e+00 1.636450e+00
-8.457750e+00 1.759556e+00
-8.245561e+00 1.888339e+00
-8.018252e+00 2.018659e+00
-7.775950e+00 2.145007e+00
-7.519501e+00 2.260619e+00
-7.250591e+00 2.357903e+00
-6.971801e+00 2.429210e+00
-6.686557e+00 2.467880e+00
-6.398947e+00 2.469331e+00
-6.113430e+00 2.431896e+00
-5.834471e+00 2.357107e+00
-5.566187e+00 2.249351e+00
-5.312057e+00 2.114989e+00
-5.074758e+00 1.961251e+00
-4.856129e+00 1.795200e+00
-4.657233e+00 1.622983e+00
-4.478494e+00 1.449435e+00
-4.319852e+00 1.277977e+00
-4.180930e+00 1.110736e+00
-4.061166e+00 9.487636e-01
-3.959929e+00 7.922789e-01
-3.876596e+00 6.409055e-01
-3.810615e+00 4.938611e-01
-3.761542e+00 3.501053e-01
-3.729061e+00 2.084478e-01
-3.713001e+00 6.762297e-02
-3.713342e+00 -7.365699e-02
-3.730209e+00 -2.166623e-01
-3.763875e+00 -3.626093e-01
-3.814750e+00 -5.126190e-01
-3.883363e+00 -6.676594e-01
-3.970345e+00 -8.284642e-01
-4.076394e+00 -9.954162e-01
-4.202224e+00 -1.168391e+00
-4.348494e+00 -1.346558e+00
-4.515716e+00 -1.528155e+00
-4.704133e+00 -1.710262e+00
-4.913570e+00 -1.888647e+00
-5.143283e+00 -2.057764e+00
-5.391818e+00 -2.211012e+00
-5.656919e+00 -2.341337e+00
-5.935526e+00 -2.442169e+00
-6.223898e+00 -2.508544e+00
-6.517860e+00 -2.538143e+00
-6.813157e+00 -2.531917e+00
-7.105834e+00 -2.494069e+00
-7.392589e+00 -2.431410e+00
-7.671010e+00 -2.352283e+00
-7.939690e+00 -2.265405e+00
-8.198210e+00 -2.178899e+00
-8.447027e+00 -2.099669e+00
-8.687318e+00 -2.033116e+00
-8.920798e+00 -1.983117e+00
-9.149551e+00 -1.952153e+00
-9.375873e+00 -1.941463e+00
-9.602143e+00 -1.951185e+00
-9.830692e+00 -1.980408e+00
-1.006369e+01 -2.027157e+00
-1.030299e+01 -2.088304e+00
-1.055005e+01 -2.159460e+00
-1.080569e+01 -2.234915e+00
-1.107003e+01 -2.307719e+00
-1.134231e+01 -2.369999e+00
-1.162083e+01 -2.413580e+00
-1.190296e+01 -2.430868e+00
-1.218526e+01 -2.415863e+00
-1.246376e+01 -2.365045e+00
-1.273422e+01 -2.277861e+00
-1.299252e+01 -2.156647e+00
-1.323495e+01 -2.006025e+00
-1.345843e+01 -1.831969e+00
-1.366061e+01 -1.640808e+00
-1.383983e+01 -1.438417e+00
-1.399510e+01 -1.229696e+00
-1.412590e+01 -1.018346e+00
-1.423208e+01 -8.068859e-01
-1.431372e+01 -5.967976e-01
-1.437104e+01 -3.887530e-01
-1.440427e+01 -1.828477e-01
-1.441366e+01 2.117343e-02
-1.439940e+01 2.237098e-01
-1.436165e+01 4.251147e-01
-1.430051e+01 6.255136e-01
-1.421613e+01 8.246233e-01
-1.410870e+01 1.021574e+00
-1.397855e+01 1.214742e+00
-1.382626e+01 1.401625e+00
-1.365275e+01 1.578793e+00
-1.345940e+01 1.741979e+00
-1.324810e+01 1.886358e+00
-1.302134e+01 2.007027e+00
-1.278213e+01 2.099668e+00
-1.253393e+01 2.161265e+00
-1.228043e+01 2.190716e+00
-1.202533e+01 2.189160e+00
-1.177207e+01 2.159922e+00
-1.152358e+01 2.108078e+00
-1.128214e+01 2.039778e+00
-1.104928e+01 1.961508e+00
-1.082582e+01 1.879441e+00
-1.061185e+01 1.798994e+00
-1.040694e+01 1.724598e+00
-1.021015e+01 1.659648e+00
-1.002026e+01 1.606574e+00
-9.835764e+00 1.566979e+00
-9.655046e+00 1.541775e+00
-9.476404e+00 1.531317e+00
-9.298125e+00 1.535481e+00
-9.118535e+00 1.553709e+00
-8.936053e+00 1.584999e+00
-8.749240e+00 1.627855e+00
-8.556865e+00 1.680209e+00
-8.357974e+00 1.739330e+00
-8.151975e+00 1.801750e+00
-7.938723e+00 1.863247e+00
-7.718603e+00 1.918929e+00
-7.492601e+00 1.963446e+00
-7.262333e+00 1.991360e+00
-7.030030e+00 1.997645e+00
-6.798458e+00 1.978227e+00
-6.570777e+00 1.930473e+00
-6.350353e+00 1.853495e+00
-6.140550e+00 1.748182e+00
-5.944538e+00 1.616977e+00
-5.765130e+00 1.463431e+00
-5.604688e+00 1.291684e+00
-5.465083e+00 1.105968e+00
-5.347706e+00 9.102304e-01
-5.253517e+00 7.079054e-01
-5.183113e+00 5.018323e-01
-5.136792e+00 2.942909e-01
-5.114614e+00 8.711509e-02
-5.116445e+00 -1.181494e-01
-5.141979e+00 -3.200698e-01
-5.190741e+00 -5.171551e-01
-5.262073e+00 -7.077056e-01
-5.355101e+00 -8.896996e-01
-5.468692e+00 -1.060739e+00
-5.601414e+00 -1.218070e+00
-5.751502e+00 -1.358702e+00
-5.916834e+00 -1.479622e+00
-6.094954e+00 -1.578096e+00
-6.283120e+00 -1.652013e+00
-6.478396e+00 -1.700208e+00
-6.677777e+00 -1.722685e+00
-6.878332e+00 -1.720696e+00
-7.077344e+00 -1.696636e+00
-7.272428e+00 -1.653789e+00
-7.461618e+00 -1.595975e+00
-7.643403e+00 -1.527179e+00
-7.816731e+00 -1.451220e+00
-7.980972e+00 -1.371509e+00
-8.135862e+00 -1.290904e+00
-8.281433e+00 -1.211656e+00
-8.417945e+00 -1.135422e+00
-8.545819e+00 -1.063331e+00
-8.665580e+00 -9.960638e-01
-8.777813e+00 -9.339450e-01
-8.883121e+00 -8.770260e-01
-8.982103e+00 -8.251618e-01
-9.075330e+00 -7.780722e-01
-9.163339e+00 -7.353911e-01
-9.246619e+00 -6.967046e-01
-9.325608e+00 -6.615787e-01
-9.400696e+00 -6.295794e-01
-9.472223e+00 -6.002869e-01
-9.540479e+00 -5.733049e-01
-9.605712e+00 -5.482664e-01
-9.668129e+00 -5.248374e-01
-9.727898e+00 -5.027188e-01
-9.785157e+00 -4.816469e-01
-9.840014e+00 -4.613942e-01
-9.892553e+00 -4.417679e-01
-9.942836e+00 -4.226105e-01
-9.990912e+00 -4.037983e-01
-1.003681e+01 -3.852408e-01
-1.008057e+01 -3.668800e-01
-1.012220e+01 -3.486897e-01
-1.016172e+01 -3.306742e-01
-1.019916e+01 -3.128677e-01
-1.023454e+01 -2.953331e-01
-1.026790e+01 -2.781611e-01
-1.029929e+01 -2.614683e-01
-1.032877e+01 -2.453965e-01
-1.035642e+01 -2.301105e-01
-1.038236e+01 -2.157967e-01
-1.040669e+01 -2.026613e-01
-1.042957e+01 -1.909284e-01
-1.045118e+01 -1.808376e-01
-1.047173e+01 -1.726428e-01
-1.049144e+01 -1.666091e-01
-1.051059e+01 -1.630117e-01
-1.052948e+01 -1.621332e-01
-1.054844e+01 -1.642611e-01
-1.056784e+01 -1.696860e-01
-1.058807e+01 -1.786983e-01
-1.060957e+01 -1.915848e-01
-1.063281e+01 -2.086254e-01
-1.065829e+01 -2.300872e-01
-1.068654e+01 -2.562188e-01
-1.071811e+01 -2.872424e-01
-1.075358e+01 -3.233431e-01
-1.079355e+01 -3.646569e-01
-1.083864e+01 -4.112547e-01
-1.088946e+01 -4.631234e-01
-1.094662e+01 -5.201433e-01
-1.101069e+01 -5.820629e-01
-1.108224e+01 -6.484701e-01
-1.116175e+01 -7.187636e-01
-1.124963e+01 -7.921253e-01
-1.134617e+01 -8.674988e-01
-1.145153e+01 -9.435781e-01
-1.156571e+01 -1.018814e+00
-1.168852e+01 -1.091444e+00
-1.181953e+01 -1.159550e+00
-1.195811e+01 -1.221151e+00
-1.210338e+01 -1.274322e+00
-1.225426e+01 -1.317334e+00
-1.240949e+01 -1.348798e+00
-1.256765e+01 -1.367802e+00
-1.272729e+01 -1.373999e+00
-1.288691e+01 -1.367655e+00
-1.304510e+01 -1.349625e+00
-1.320058e+01 -1.321278e+00
-1.335225e+01 -1.284379e+00
-1.349922e+01 -1.240938e+00
-1.364086e+01 -1.193062e+00
-1.377676e+01 -1.142827e+00
-1.390679e+01 -1.092166e+00
-1.403097e+01 -1.042803e+00
-1.414957e+01 -9.962139e-01
-1.426296e+01 -9.536145e-01
-1.437167e+01 -9.159755e-01
-1.447634e+01 -8.840480e-01
-1.457765e+01 -8.583985e-01
-1.467636e+01 -8.394485e-01
-1.477327e+01 -8.275130e-01
-1.486921e+01 -8.228372e-01
-1.496504e+01 -8.256293e-01
-1.506164e+01 -8.360885e-01
-1.515991e+01 -8.544278e-01
-1.526079e+01 -8.808909e-01
-1.536523e+01 -9.157621e-01
-1.547423e+01 -9.593683e-01
-1.558884e+01 -1.012070e+00
-1.571012e+01 -1.074237e+00
-1.583920e+01 -1.146211e+00
-1.597725e+01 -1.228237e+00
-1.612542e+01 -1.320372e+00
-1.628489e+01 -1.422353e+00
-1.645677e+01 -1.533429e+00
-1.664204e+01 -1.652159e+00
-1.684145e+01 -1.776188e+00
-1.705545e+01 -1.902050e+00
-1.728397e+01 -2.025041e+00
-1.752636e+01 -2.139258e+00
-1.778119e+01 -2.237890e+00
-1.804625e+01 -2.313798e+00
-1.831850e+01 -2.360376e+00
-1.859420e+01 -2.372530e+00
-1.886917e+01 -2.347527e+00
-1.913905e+01 -2.285477e+00
-1.939969e+01 -2.189247e+00
-1.964738e+01 -2.063878e+00
-1.987909e+01 -1.915661e+00
-2.009255e+01 -1.751172e+00
-2.028621e+01 -1.576465e+00
-2.045921e+01 -1.396567e+00
-2.061116e+01 -1.215256e+00
-2.074206e+01 -1.035070e+00
-2.085213e+01 -8.574551e-01
-2.094172e+01 -6.829746e-01
-2.101118e+01 -5.115289e-01
-2.106085e+01 -3.425512e-01
-2.109096e+01 -1.751711e-01
-2.110164e+01 -8.347731e-03
-2.109288e+01 1.590215e-01
-2.106457e+01 3.280058e-01
-2.101645e+01 4.995466e-01
-2.094819e+01 6.743526e-01
-2.085938e+01 8.527752e-01
-2.074961e+01 1.034655e+00
-2.061851e+01 1.219146e+00
-2.046586e+01 1.404518e+00
-2.029173e+01 1.587988e+00
-2.009655e+01 1.765621e+00
-1.988127e+01 1.932371e+00
-1.964751e+01 2.082371e+00
-1.939757e+01 2.209484e+00
-1.913445e+01 2.308131e+00
-1.886171e+01 2.374235e+00
-1.858327e+01 2.406067e+00
-1.830308e+01 2.404730e+00
-1.802480e+01 2.374127e+00
-1.775150e+01 2.320408e+00
-1.748543e+01 2.251076e+00
-1.722795e+01 2.174014e+00
-1.697952e+01 2.096658e+00
-1.673979e+01 2.025445e+00
-1.650774e+01 1.965545e+00
-1.628180e+01 1.920811e+00
-1.606005e+01 1.893872e+00
-1.584033e+01 1.886254e+00
-1.562033e+01 1.898496e+00
-1.539777e+01 1.930192e+00
-1.517045e+01 1.979962e+00
-1.493641e+01 2.045351e+00
-1.469401e+01 2.122680e+00
-1.444216e+01 2.206921e+00
-1.418042e+01 2.291664e+00
-1.390915e+01 2.369301e+00
-1.362965e+01 2.431503e+00
-1.334423e+01 2.470032e+00
-1.305605e+01 2.477780e+00
-1.276901e+01 2.449832e+00
-1.248741e+01 2.384226e+00
-1.221559e+01 2.282177e+00
-1.195759e+01 2.147672e+00
-1.171684e+01 1.986587e+00
-1.149606e+01 1.805612e+00
-1.129717e+01 1.611269e+00
-1.112140e+01 1.409206e+00
-1.096936e+01 1.203837e+00
-1.084126e+01 9.982625e-01
-1.073699e+01 7.943821e-01
-1.065629e+01 5.931097e-01
-1.059886e+01 3.946142e-01
-1.056437e+01 1.985526e-01
-1.055258e+01 4.275500e-03
-1.056333e+01 -1.889932e-01
-1.059655e+01 -3.819962e-01
-1.065224e+01 -5.752881e-01
-1.073045e+01 -7.690772e-01
-1.083122e+01 -9.630556e-01
-1.095453e+01 -1.156221e+00
-1.110018e+01 -1.346704e+00
-1.126771e+01 -1.531639e+00
-1.145625e+01 -1.707124e+00
-1.166442e+01 -1.868347e+00
-1.189027e+01 -2.009926e+00
-1.213118e+01 -2.126496e+00
-1.238398e+01 -2.213479e+00
-1.264502e+01 -2.267893e+00
-1.291044e+01 -2.289005e+00
-1.317647e+01 -2.278609e+00
-1.343964e+01 -2.240859e+00
-1.369711e+01 -2.181687e+00
-1.394678e+01 -2.107990e+00
-1.418737e+01 -2.026806e+00
-1.441840e+01 -1.944648e+00
-1.464009e+01 -1.867074e+00
-1.485324e+01 -1.798506e+00
-1.505910e+01 -1.742228e+00
-1.525924e+01 -1.700495e+00
-1.545544e+01 -1.674678e+00
-1.564960e+01 -1.665405e+00
-1.584364e+01 -1.672660e+00
-1.603946e+01 -1.695826e+00
-1.623884e+01 -1.733672e+00
-1.644340e+01 -1.784282e+00
-1.665446e+01 -1.844961e+00
-1.687299e+01 -1.912129e+00
-1.709951e+01 -1.981268e+00
-1.733392e+01 -2.046957e+00
-1.757549e+01 -2.103082e+00
-1.782271e+01 -2.143233e+00
-1.807338e+01 -2.161286e+00
-1.832461e+01 -2.152105e+00
-1.857300e+01 -2.112192e+00
-1.881489e+01 -2.040142e+00
-1.904655e+01 -1.936748e+00
-1.926448e+01 -1.804744e+00
-1.946558e+01 -1.648259e+00
-1.964728e+01 -1.472130e+00
-1.980759e+01 -1.281264e+00
-1.994505e+01 -1.080140e+00
-2.005870e+01 -8.725195e-01
-2.014796e+01 -6.613421e-01
-2.021255e+01 -4.487723e-01
-2.025240e+01 -2.363356e-01
-2.026759e+01 -2.510705e-02
-2.025832e+01 1.840830e-01
-2.022486e+01 3.904413e-01
-2.016761e+01 5.930153e-01
-2.008706e+01 7.905165e-01
-1.998391e+01 9.811764e-01
-1.985908e+01 1.162656e+00
-1.971382e+01 1.332034e+00
-1.954971e+01 1.485906e+00
-1.936877e+01 1.620617e+00
-1.917345e+01 1.732616e+00
-1.896657e+01 1.818915e+00
-1.875125e+01 1.877547e+00
-1.853074e+01 1.907950e+00
-1.830830e+01 1.911148e+00
-1.808696e+01 1.889699e+00
-1.786936e+01 1.847408e+00
-1.765768e+01 1.788881e+00
-1.745351e+01 1.719026e+00
-1.725789e+01 1.642609e+00
-1.707134e+01 1.563914e+00
-1.689390e+01 1.486548e+00
-1.672524e+01 1.413368e+00
-1.656475e+01 1.346506e+00
-1.641160e+01 1.287453e+00
-1.626481e+01 1.237164e+00
-1.612333e+01 1.196178e+00
-1.598607e+01 1.164716e+00
-1.585192e+01 1.142766e+00
-1.571978e+01 1.130145e+00
-1.558858e+01 1.126538e+00
-1.545729e+01 1.131520e+00
-1.532495e+01 1.144553e+00
-1.519065e+01 1.164974e+00
-1.505359e+01 1.191966e+00
-1.491305e+01 1.224516e+00
-1.476846e+01 1.261378e+00
-1.461941e+01 1.301022e+00
-1.446567e+01 1.341609e+00
-1.430725e+01 1.380973e+00
-1.414444e+01 1.416644e+00
-1.397783e+01 1.445911e+00
-1.380832e+01 1.465935e+00
-1.363716e+01 1.473908e+00
-1.346590e+01 1.467257e+00
-1.329636e+01 1.443851e+00
-1.313060e+01 1.402192e+00
-1.297079e+01 1.341557e+00
-1.281914e+01 1.262059e+00
-1.267780e+01 1.164613e+00
-1.254876e+01 1.050839e+00
-1.243381e+01 9.228893e-01
-1.233445e+01 7.832704e-01
-1.225188e+01 6.346643e-01
-1.218700e+01 4.797867e-01
-1.214037e+01 3.212885e-01
-1.211227e+01 1.617042e-01
-1.210269e+01 3.436590e-03
-1.211133e+01 -1.512308e-01
-1.213766e+01 -3.001120e-01
-1.218086e+01 -4.410981e-01
-1.223992e+01 -5.721516e-01
-1.231355e+01 -6.913237e-01
-1.240027e+01 -7.967962e-01
-1.249838e+01 -8.869489e-01
-1.260602e+01 -9.604417e-01
-1.272120e+01 -1.016301e+00
-1.284182e+01 -1.053991e+00
-1.296576e+01 -1.073458e+00
-1.309093e+01 -1.075137e+00
-1.321530e+01 -1.059905e+00
-1.333698e+01 -1.029008e+00
-1.345422e+01 -9.839462e-01
-1.356547e+01 -9.263570e-01
-1.366937e+01 -8.578920e-01
-1.376475e+01 -7.801173e-01
-1.385060e+01 -6.944349e-01
-1.392609e+01 -6.020337e-01
-1.399048e+01 -5.038682e-01
-1.404315e+01 -4.006603e-01
-1.408354e+01 -2.929214e-01
-1.411115e+01 -1.809884e-01
-1.412550e+01 -6.507060e-02
-1.412614e+01 5.469549e-02
-1.411263e+01 1.781846e-01
-1.408454e+01 3.052160e-01
-1.404148e+01 4.354810e-01
-1.398309e+01 5.684665e-01
-1.390912e+01 7.033782e-01
-1.381938e+01 8.390659e-01
-1.371389e+01 9.739644e-01
-1.359284e+01 1.106060e+00
-1.345670e+01 1.232903e+00
-1.330624e+01 1.351678e+00
-1.314258e+01 1.459363e+00
-1.296718e+01 1.552948e+00
-1.278184e+01 1.629741e+00
-1.258865e+01 1.687677e+00
-1.238988e+01 1.725614e+00
-1.218786e+01 1.743530e+00
-1.198487e+01 1.742584e+00
-1.178299e+01 1.725024e+00
-1.158397e+01 1.693964e+00
-1.138917e+01 1.653080e+00
-1.119951e+01 1.606280e+00
-1.101545e+01 1.557411e+00
-1.083702e+01 1.510045e+00
-1.066386e+01 1.467340e+00
-1.049527e+01 1.431983e+00
-1.033026e+01 1.406197e+00
-1.016759e+01 1.391782e+00
-1.000588e+01 1.390180e+00
-9.843542e+00 1.402531e+00
-9.678916e+00 1.429719e+00
-9.510231e+00 1.472387e+00
-9.335660e+00 1.530911e+00
-9.153355e+00 1.605322e+00
-8.961485e+00 1.695176e+00
-8.758313e+00 1.799353e+00
-8.542279e+00 1.915805e+00
-8.312133e+00 2.041276e+00
-8.067084e+00 2.171048e+00
-7.806983e+00 2.298816e+00
-7.532502e+00 2.416823e+00
-7.245279e+00 2.516365e+00
-6.947973e+00 2.588733e+00
-6.644199e+00 2.626475e+00
-6.338302e+00 2.624702e+00
-6.034995e+00 2.582031e+00
-5.738934e+00 2.500833e+00
-5.454305e+00 2.386680e+00
-5.184512e+00 2.247206e+00
-4.932014e+00 2.090762e+00
-4.698320e+00 1.925237e+00
-4.484083e+00 1.757278e+00
-4.289279e+00 1.591935e+00
-4.113387e+00 1.432646e+00
-3.955572e+00 1.281446e+00
-3.814830e+00 1.139248e+00
-3.690103e+00 1.006147e+00
-3.580354e+00 8.816814e-01
-3.484623e+00 7.650424e-01
-3.402056e+00 6.552262e-01
-3.331922e+00 5.511417e-01
-3.273620e+00 4.516807e-01
-3.226674e+00 3.557583e-01
-3.190735e+00 2.623345e-01
-3.165568e+00 1.704208e-01
-3.151054e+00 7.907840e-02
-3.147178e+00 -1.259054e-02
-3.154030e+00 -1.054546e-01
-3.171798e+00 -2.003658e-01
-3.200770e+00 -2.981720e-01
-3.241331e+00 -3.997257e-01
-3.293969e+00 -5.058872e-01
-3.359269e+00 -6.175192e-01
-3.437917e+00 -7.354664e-01
-3.530695e+00 -8.605152e-01
-3.638469e+00 -9.933265e-01
-3.762171e+00 -1.134331e+00
-3.902760e+00 -1.283578e+00
-4.061173e+00 -1.440540e+00
-4.238237e+00 -1.603862e+00
-4.434562e+00 -1.771094e+00
-4.650396e+00 -1.938443e+00
-4.885460e+00 -2.100640e+00
-5.138780e+00 -2.251018e+00
-5.408542e+00 -2.381947e+00
-5.692027e+00 -2.485652e+00
-5.985659e+00 -2.555373e+00
-6.285192e+00 -2.586603e+00
-6.586041e+00 -2.578064e+00
-6.883678e+00 -2.532064e+00
-7.174037e+00 -2.454113e+00
-7.453835e+00 -2.351922e+00
-7.720749e+00 -2.234129e+00
-7.973462e+00 -2.109125e+00
-8.211571e+00 -1.984209e+00
-8.435438e+00 -1.865160e+00
-8.646004e+00 -1.756152e+00
-8.844609e+00 -1.659899e+00
-9.032835e+00 -1.577914e+00
-9.212384e+00 -1.510786e+00
-9.384984e+00 -1.458421e+00
-9.552324e+00 -1.420240e+00
-9.716003e+00 -1.395311e+00
-9.877495e+00 -1.382430e+00
-1.003812e+01 -1.380158e+00
-1.019902e+01 -1.386829e+00
-1.036112e+01 -1.400541e+00
-1.052513e+01 -1.419130e+00
-1.069147e+01 -1.440170e+00
-1.086026e+01 -1.460977e+00
-1.103133e+01 -1.478659e+00
-1.120413e+01 -1.490205e+00
-1.137776e+01 -1.492620e+00
-1.155101e+01 -1.483098e+00
-1.172234e+01 -1.459223e+00
-1.188996e+01 -1.419153e+00
-1.205192e+01 -1.361775e+00
-1.220617e+01 -1.286786e+00
-1.235070e+01 -1.194702e+00
-1.248358e+01 -1.086781e+00
-1.260306e+01 -9.648808e-01
-1.270766e+01 -8.312937e-01
-1.279616e+01 -6.885645e-01
-1.286765e+01 -5.393390e-01
-1.292152e+01 -3.862472e-01
-1.295748e+01 -2.318294e-01
-1.297551e+01 -7.850212e-02
-1.297588e+01 7.144813e-02
-1.295910e+01 2.158536e-01
-1.292594e+01 3.526511e-01
-1.287741e+01 4.798756e-01
-1.281471e+01 5.956694e-01
-1.273930e+01 6.983119e-01
-1.265278e+01 7.862691e-01
-1.255694e+01 8.582566e-01
-1.245371e+01 9.133080e-01
-1.234509e+01 9.508354e-01
-1.223313e+01 9.706684e-01
-1.211988e+01 9.730633e-01
-1.200734e+01 9.586776e-01
-1.189740e+01 9.285099e-01
-1.179183e+01 8.838149e-01
-1.169223e+01 8.260049e-01
-1.160006e+01 7.565493e-01
-1.151657e+01 6.768867e-01
-1.144288e+01 5.883544e-01
-1.137995e+01 4.921434e-01
-1.132861e+01 3.892767e-01
-1.128959e+01 2.806112e-01
-1.126351e+01 1.668594e-01
-1.125093e+01 4.862637e-02
-1.125235e+01 -7.354041e-02
-1.126818e+01 -1.990921e-01
-1.129879e+01 -3.274136e-01
-1.134445e+01 -4.577546e-01
-1.140535e+01 -5.891631e-01
-1.148155e+01 -7.204238e-01
-1.157294e+01 -8.500129e-01
-1.167922e+01 -9.760777e-01
-1.179986e+01 -1.096454e+00
-1.193406e+01 -1.208733e+00
-1.208073e+01 -1.310386e+00
-1.223849e+01 -1.398948e+00
-1.240569e+01 -1.472236e+00
-1.258044e+01 -1.528591e+00
-1.276072e+01 -1.567090e+00
-1.294442e+01 -1.587690e+00
-1.312953e+01 -1.591281e+00
-1.331414e+01 -1.579618e+00
-1.349663e+01 -1.555169e+00
-1.367566e+01 -1.520885e+00
-1.385029e+01 -1.479957e+00
-1.401993e+01 -1.435581e+00
-1.418435e+01 -1.390780e+00
-1.434367e+01 -1.348275e+00
-1.449829e+01 -1.310424e+00
-1.464888e+01 -1.279210e+00
-1.479630e+01 -1.256262e+00
-1.494159e+01 -1.242902e+00
-1.508595e+01 -1.240204e+00
-1.523065e+01 -1.249036e+00
-1.537709e+01 -1.270110e+00
-1.552672e+01 -1.303996e+00
-1.568105e+01 -1.351121e+00
-1.584166e+01 -1.411732e+00
-1.601010e+01 -1.485819e+00
-1.618793e+01 -1.572993e+00
-1.637663e+01 -1.672313e+00
-1.657750e+01 -1.782078e+00
-1.679164e+01 -1.899578e+00
-1.701971e+01 -2.020882e+00
-1.726186e+01 -2.140698e+00
-1.751756e+01 -2.252432e+00
-1.778542e+01 -2.348524e+00
-1.806317e+01 -2.421133e+00
-1.834765e+01 -2.463123e+00
-1.863497e+01 -2.469164e+00
-1.892075e+01 -2.436656e+00
-1.920053e+01 -2.366178e+00
-1.947005e+01 -2.261300e+00
-1.972565e+01 -2.127831e+00
-1.996438e+01 -1.972744e+00
-2.018416e+01 -1.803108e+00
-2.038367e+01 -1.625257e+00
-2.056226e+01 -1.444299e+00
-2.071980e+01 -1.263953e+00
-2.085651e+01 -1.086611e+00
-2.097283e+01 -9.135366e-01
-2.106928e+01 -7.451071e-01
-2.114639e+01 -5.810482e-01
-2.120464e+01 -4.206372e-01
-2.124438e+01 -2.628631e-01
-2.126587e+01 -1.065481e-01
-2.126918e+01 4.956160e-02
-2.125429e+01 2.067237e-01
-2.122099e+01 3.661366e-01
-2.116896e+01 5.288715e-01
-2.109775e+01 6.957906e-01
-2.100686e+01 8.674397e-01
-2.089570e+01 1.043907e+00
-2.076376e+01 1.224645e+00
-2.061060e+01 1.408268e+00
-2.043602e+01 1.592336e+00
-2.024017e+01 1.773197e+00
-2.002370e+01 1.945939e+00
-1.978788e+01 2.104568e+00
-1.953474e+01 2.242476e+00
-1.926708e+01 2.353234e+00
-1.898838e+01 2.431607e+00
-1.870260e+01 2.474573e+00
-1.841390e+01 2.482053e+00
-1.812626e+01 2.457098e+00
-1.784315e+01 2.405476e+00
-1.756722e+01 2.334781e+00
-1.730023e+01 2.253347e+00
-1.704295e+01 2.169262e+00
-1.679525e+01 2.089660e+00
-1.655626e+01 2.020336e+00
-1.632453e+01 1.965646e+00
-1.609815e+01 1.928572e+00
-1.587497e+01 1.910875e+00
-1.565269e+01 1.913230e+00
-1.542898e+01 1.935312e+00
-1.520161e+01 1.975807e+00
-1.496856e+01 2.032338e+00
-1.472817e+01 2.101357e+00
-1.447926e+01 2.178026e+00
-1.422127e+01 2.256197e+00
-1.395444e+01 2.328559e+00
-1.367992e+01 2.387067e+00
-1.339980e+01 2.423670e+00
-1.311704e+01 2.431272e+00
-1.283534e+01 2.404734e+00
-1.255885e+01 2.341645e+00
-1.229181e+01 2.242608e+00
-1.203824e+01 2.110957e+00
-1.180163e+01 1.951987e+00
-1.158481e+01 1.771963e+00
-1.138985e+01 1.577165e+00
-1.121814e+01 1.373173e+00
-1.107048e+01 1.164467e+00
-1.094721e+01 9.542983e-01
-1.084838e+01 7.447666e-01
-1.077383e+01 5.370066e-01
-1.072333e+01 3.314200e-01
-1.069662e+01 1.279081e-01
-1.069349e+01 -7.391222e-02
-1.071377e+01 -2.745115e-01
-1.075734e+01 -4.742659e-01
-1.082411e+01 -6.732801e-01
-1.091398e+01 -8.712094e-01
-1.102677e+01 -1.067083e+00
-1.116216e+01 -1.259139e+00
-1.131954e+01 -1.444708e+00
-1.149796e+01 -1.620175e+00
-1.169601e+01 -1.781103e+00
-1.191169e+01 -1.922536e+00
-1.214245e+01 -2.039530e+00
-1.238520e+01 -2.127840e+00
-1.263640e+01 -2.184655e+00
-1.289233e+01 -2.209183e+00
-1.314930e+01 -2.202938e+00
-1.340393e+01 -2.169614e+00
-1.365335e+01 -2.114594e+00
-1.389542e+01 -2.044234e+00
-1.412873e+01 -1.965108e+00
-1.435262e+01 -1.883386e+00
-1.456712e+01 -1.804413e+00
-1.477280e+01 -1.732508e+00
-1.497069e+01 -1.670941e+00
-1.516214e+01 -1.622023e+00
-1.534871e+01 -1.587240e+00
-1.553209e+01 -1.567400e+00
-1.571405e+01 -1.562743e+00
-1.589633e+01 -1.573020e+00
-1.608066e+01 -1.597509e+00
-1.626860e+01 -1.634996e+00
-1.646157e+01 -1.683700e+00
-1.666075e+01 -1.741191e+00
-1.686698e+01 -1.804288e+00
-1.708069e+01 -1.869013e+00
-1.730180e+01 -1.930605e+00
-1.752964e+01 -1.983684e+00
-1.776288e+01 -2.022552e+00
-1.799954e+01 -2.041668e+00
-1.823704e+01 -2.036218e+00
-1.847230e+01 -2.002684e+00
-1.870192e+01 -1.939277e+00
-1.892243e+01 -1.846112e+00
-1.913045e+01 -1.725085e+00
-1.932292e+01 -1.579483e+00
-1.949722e+01 -1.413445e+00
-1.965123e+01 -1.231401e+00
-1.978333e+01 -1.037603e+00
-1.989238e+01 -8.358175e-01
-1.997764e+01 -6.291720e-01
-2.003870e+01 -4.201501e-01
-2.007540e+01 -2.106819e-01
-2.008777e+01 -2.296605e-03
-2.007602e+01 2.036973e-01
-2.004051e+01 4.060254e-01
-1.998174e+01 6.032718e-01
-1.990039e+01 7.937303e-01
-1.979737e+01 9.752993e-01
-1.967387e+01 1.145441e+00
-1.953137e+01 1.301226e+00
-1.937174e+01 1.439486e+00
-1.919719e+01 1.557072e+00
-1.901030e+01 1.651194e+00
-1.881393e+01 1.719805e+00
-1.861111e+01 1.761933e+00
-1.840493e+01 1.777901e+00
-1.819833e+01 1.769360e+00
-1.799402e+01 1.739134e+00
-1.779431e+01 1.690908e+00
-1.760106e+01 1.628833e+00
-1.741564e+01 1.557128e+00
-1.723892e+01 1.479750e+00
-1.707137e+01 1.400159e+00
-1.691307e+01 1.321201e+00
-1.676380e+01 1.245078e+00
-1.662315e+01 1.173382e+00
-1.649053e+01 1.107176e+00
-1.636526e+01 1.047088e+00
-1.624661e+01 9.934094e-01
-1.613383e+01 9.461769e-01
-1.602618e+01 9.052525e-01
-1.592294e+01 8.703803e-01
-1.582341e+01 8.412332e-01
-1.572697e+01 8.174459e-01
-1.563299e+01 7.986381e-01
-1.554094e+01 7.844289e-01
-1.545028e+01 7.744451e-01
-1.536056e+01 7.683236e-01
-1.527135e+01 7.657104e-01
-1.518225e+01 7.662561e-01
-1.509293e+01 7.696097e-01
-1.500306e+01 7.754104e-01
-1.491240e+01 7.832784e-01
-1.482072e+01 7.928056e-01
-1.472786e+01 8.035470e-01
-1.463370e+01 8.150128e-01
-1.453819e+01 8.266630e-01
-1.444134e+01 8.379049e-01
-1.434324e+01 8.480945e-01
-1.424405e+01 8.565438e-01
-1.414401e+01 8.625325e-01
-1.404345e+01 8.653271e-01
-1.394279e+01 8.642050e-01
-1.384252e+01 8.584839e-01
-1.374321e+01 8.475549e-01
-1.364551e+01 8.309159e-01
-1.355009e+01 8.082039e-01
-1.345767e+01 7.792229e-01
-1.336900e+01 7.439639e-01
-1.328478e+01 7.026157e-01
-1.320571e+01 6.555654e-01
-1.313242e+01 6.033887e-01
-1.306547e+01 5.468304e-01
-1.300531e+01 4.867780e-01
-1.295229e+01 4.242303e-01
-1.290664e+01 3.602637e-01
-1.286846e+01 2.959982e-01
-1.283772e+01 2.325653e-01
-1.281426e+01 1.710787e-01
-1.279779e+01 1.126084e-01
-1.278790e+01 5.815890e-02
-1.278407e+01 8.650030e-03
-1.278567e+01 -3.509808e-02
-1.279199e+01 -7.237748e-02
-1.280224e+01 -1.026020e-01
-1.281557e+01 -1.253141e-01
-1.283109e+01 -1.401890e-01
-1.284788e+01 -1.470364e-01
-1.286500e+01 -1.457995e-01
-1.288150e+01 -1.365513e-01
-1.289647e+01 -1.194893e-01
-1.290902e+01 -9.492861e-02
-1.291829e+01 -6.329371e-02
-1.292349e+01 -2.510995e-02
-1.292390e+01 1.900487e-02
-1.291887e+01 6.834872e-02
-1.290782e+01 1.221430e-01
-1.289030e+01 1.795400e-01
-1.286594e+01 2.396306e-01
-1.283447e+01 3.014533e-01
-1.279576e+01 3.640048e-01
-1.274977e+01 4.262537e-01
-1.269662e+01 4.871583e-01
-1.263650e+01 5.456883e-01
-1.256976e+01 6.008506e-01
-1.249684e+01 6.517191e-01
-1.241830e+01 6.974657e-01
-1.233476e+01 7.373909e-01
-1.224694e+01 7.709516e-01
-1.215561e+01 7.977824e-01
-1.206156e+01 8.177082e-01
-1.196559e+01 8.307465e-01
-1.186850e+01 8.370978e-01
-1.177103e+01 8.371266e-01
-1.167391e+01 8.313323e-01
-1.157778e+01 8.203152e-01
-1.148319e+01 8.047384e-01
-1.139066e+01 7.852912e-01
-1.130057e+01 7.626541e-01
-1.121328e+01 7.374702e-01
-1.112903e+01 7.103211e-01
-1.104803e+01 6.817109e-01
-1.097043e+01 6.520554e-01
-1.089632e+01 6.216773e-01
-1.082578e+01 5.908058e-01
-1.075885e+01 5.595795e-01
-1.069557e+01 5.280521e-01
-1.063598e+01 4.961989e-01
-1.058012e+01 4.639245e-01
-1.052804e+01 4.310701e-01
-1.047983e+01 3.974205e-01
-1.043560e+01 3.627109e-01
-1.039548e+01 3.266324e-01
-1.035965e+01 2.888366e-01
-1.032834e+01 2.489399e-01
-1.030182e+01 2.065270e-01
-1.028040e+01 1.611536e-01
-1.026445e+01 1.123494e-01
-1.025441e+01 5.962094e-02
-1.025075e+01 2.455120e-03
-1.025403e+01 -5.967588e-02
-1.026485e+01 -1.273079e-01
-1.028389e+01 -2.009747e-01
-1.031187e+01 -2.811937e-01
-1.034960e+01 -3.684449e-01
-1.039790e+01 -4.631412e-01
-1.045768e+01 -5.655873e-01
-1.052983e+01 -6.759246e-01
-1.061527e+01 -7.940581e-01
-1.071490e+01 -9.195666e-01
-1.082952e+01 -1.051595e+00
-1.095982e+01 -1.188735e+00
-1.110627e+01 -1.328918e+00
-1.126908e+01 -1.469326e+00
-1.144807e+01 -1.606384e+00
-1.164261e+01 -1.735847e+00
-1.185154e+01 -1.853049e+00
-1.207317e+01 -1.953303e+00
-1.230528e+01 -2.032450e+00
-1.254521e+01 -2.087450e+00
-1.279005e+01 -2.116903e+00
-1.303686e+01 -2.121358e+00
-1.328284e+01 -2.103328e+00
-1.352562e+01 -2.066994e+00
-1.376335e+01 -2.017691e+00
-1.399488e+01 -1.961298e+00
-1.421972e+01 -1.903683e+00
-1.443805e+01 -1.850270e+00
-1.465064e+01 -1.805781e+00
-1.485877e+01 -1.774132e+00
-1.506412e+01 -1.758437e+00
-1.526869e+01 -1.761061e+00
-1.547472e+01 -1.783688e+00
-1.568459e+01 -1.827348e+00
-1.590079e+01 -1.892376e+00
-1.612578e+01 -1.978279e+00
-1.636191e+01 -2.083515e+00
-1.661127e+01 -2.205171e+00
-1.687553e+01 -2.338624e+00
-1.715570e+01 -2.477264e+00
-1.745189e+01 -2.612463e+00
-1.776312e+01 -2.733977e+00
-1.808716e+01 -2.830952e+00
-1.842057e+01 -2.893484e+00
-1.875889e+01 -2.914446e+00
-1.909706e+01 -2.891011e+00
-1.943001e+01 -2.825299e+00
-1.975315e+01 -2.723880e+00
-2.006287e+01 -2.596322e+00
-2.035675e+01 -2.453348e+00
-2.063359e+01 -2.305172e+00
-2.089332e+01 -2.160394e+00
-2.113672e+01 -2.025509e+00
-2.136523e+01 -1.904895e+00
-2.158067e+01 -1.801100e+00
-2.178506e+01 -1.715216e+00
-2.198051e+01 -1.647260e+00
-2.216906e+01 -1.596472e+00
-2.235264e+01 -1.561542e+00
-2.253300e+01 -1.540742e+00
-2.271166e+01 -1.532006e+00
-2.288989e+01 -1.532958e+00
-2.306867e+01 -1.540927e+00
-2.324864e+01 -1.552952e+00
-2.343009e+01 -1.565815e+00
-2.361292e+01 -1.576106e+00
-2.379663e+01 -1.580337e+00
-2.398031e+01 -1.575112e+00
-2.416269e+01 -1.557330e+00
-2.434213e+01 -1.524403e+00
-2.451677e+01 -1.474465e+00
-2.468456e+01 -1.406512e+00
-2.484338e+01 -1.320465e+00
-2.499117e+01 -1.217134e+00
-2.512601e+01 -1.098101e+00
-2.524619e+01 -9.655339e-01
-2.535027e+01 -8.219843e-01
-2.543715e+01 -6.701931e-01
-2.550602e+01 -5.129321e-01
-2.555641e+01 -3.528952e-01
-2.558814e+01 -1.926393e-01
-2.560132e+01 -3.456660e-02
-2.559635e+01 1.190655e-01
-2.557387e+01 2.661209e-01
-2.553476e+01 4.045626e-01
-2.548013e+01 5.324436e-01
-2.541133e+01 6.479177e-01
-2.532990e+01 7.492751e-01
-2.523758e+01 8.349992e-01
-2.513625e+01 9.038391e-01
-2.502793e+01 9.548846e-01
-2.491474e+01 9.876304e-01
-2.479881e+01 1.002015e+00
-2.468226e+01 9.984253e-01
-2.456714e+01 9.776595e-01
-2.445537e+01 9.408589e-01
-2.434876e+01 8.894109e-01
-2.424891e+01 8.248415e-01
-2.415726e+01 7.487104e-01
-2.407506e+01 6.625212e-01
-2.400342e+01 5.676535e-01
-2.394325e+01 4.653227e-01
-2.389538e+01 3.565651e-01
-2.386049e+01 2.422476e-01
-2.383919e+01 1.230967e-01
-2.383201e+01 -2.563743e-04
-2.383939e+01 -1.272194e-01
-2.386173e+01 -2.571741e-01
-2.389933e+01 -3.894058e-01
-2.395240e+01 -5.230332e-01
-2.402106e+01 -6.569411e-01
-2.410524e+01 -7.897246e-01
-2.420472e+01 -9.196549e-01
-2.431906e+01 -1.044678e+00
-2.444755e+01 -1.162460e+00
-2.458920e+01 -1.270487e+00
-2.474273e+01 -1.366223e+00
-2.490657e+01 -1.447325e+00
-2.507889e+01 -1.511881e+00
-2.525771e+01 -1.558638e+00
-2.544090e+01 -1.587186e+00
-2.562637e+01 -1.598051e+00
-2.581215e+01 -1.592675e+00
-2.599646e+01 -1.573295e+00
-2.617784e+01 -1.542732e+00
-2.635516e+01 -1.504150e+00
-2.652769e+01 -1.460804e+00
-2.669504e+01 -1.415839e+00
-2.685722e+01 -1.372137e+00
-2.701450e+01 -1.332229e+00
-2.716747e+01 -1.298262e+00
-2.731692e+01 -1.272014e+00
-2.746384e+01 -1.254933e+00
-2.760936e+01 -1.248187e+00
-2.775474e+01 -1.252719e+00
-2.790135e+01 -1.269296e+00
-2.805061e+01 -1.298532e+00
-2.820404e+01 -1.340894e+00
-2.836317e+01 -1.396679e+00
-2.852958e+01 -1.465948e+00
-2.870483e+01 -1.548418e+00
-2.889040e+01 -1.643309e+00
-2.908767e+01 -1.749140e+00
-2.929778e+01 -1.863502e+00
-2.952152e+01 -1.982824e+00
-2.975920e+01 -2.102214e+00
-3.001049e+01 -2.215453e+00
-3.027424e+01 -2.315249e+00
-3.054845e+01 -2.393811e+00
-3.083020e+01 -2.443758e+00
-3.111579e+01 -2.459194e+00
-3.140100e+01 -2.436698e+00
-3.168135e+01 -2.375926e+00
-3.195252e+01 -2.279601e+00
-3.221066e+01 -2.152913e+00
-3.245261e+01 -2.002522e+00
-3.267602e+01 -1.835476e+00
-3.287935e+01 -1.658302e+00
-3.306175e+01 -1.476430e+00
-3.322291e+01 -1.293938e+00
-3.336294e+01 -1.113558e+00
-3.348219e+01 -9.368436e-01
-3.358112e+01 -7.643981e-01
-3.366024e+01 -5.961146e-01
-3.371998e+01 -4.313866e-01
-3.376073e+01 -2.692808e-01
-3.378270e+01 -1.086698e-01
-3.378602e+01 5.166513e-02
-3.377064e+01 2.129528e-01
-3.373639e+01 3.763584e-01
-3.368294e+01 5.429069e-01
-3.360989e+01 7.133913e-01
-3.351676e+01 8.882552e-01
-3.340302e+01 1.067443e+00
-3.326821e+01 1.250219e+00
-3.311200e+01 1.434957e+00
-3.293431e+01 1.618949e+00
-3.273543e+01 1.798269e+00
-3.251621e+01 1.967785e+00
-3.227813e+01 2.121400e+00
-3.202341e+01 2.252605e+00
-3.175503e+01 2.355323e+00
-3.147659e+01 2.424921e+00
-3.119210e+01 2.459157e+00
-3.090566e+01 2.458769e+00
-3.062112e+01 2.427510e+00
-3.034171e+01 2.371601e+00
-3.006988e+01 2.298792e+00
-2.980710e+01 2.217310e+00
-2.955392e+01 2.134945e+00
-2.931004e+01 2.058441e+00
-2.907446e+01 1.993193e+00
-2.884561e+01 1.943191e+00
-2.862156e+01 1.911116e+00
-2.840012e+01 1.898486e+00
-2.817899e+01 1.905782e+00
-2.795587e+01 1.932516e+00
-2.772857e+01 1.977218e+00
-2.749515e+01 2.037350e+00
-2.725401e+01 2.109188e+00
-2.700406e+01 2.187707e+00
-2.674489e+01 2.266576e+00
-2.647688e+01 2.338344e+00
-2.620132e+01 2.394914e+00
-2.592045e+01 2.428312e+00
-2.563739e+01 2.431679e+00
-2.535593e+01 2.400253e+00
-2.508026e+01 2.332090e+00
-2.481462e+01 2.228260e+00
-2.456296e+01 2.092480e+00
-2.432870e+01 1.930286e+00
-2.411454e+01 1.748027e+00
-2.392245e+01 1.551936e+00
-2.375371e+01 1.347460e+00
-2.360904e+01 1.138899e+00
-2.348872e+01 9.293214e-01
-2.339274e+01 7.206618e-01
-2.332094e+01 5.139183e-01
-2.327306e+01 3.093880e-01
-2.324886e+01 1.068967e-01
-2.324812e+01 -9.398837e-02
-2.327069e+01 -2.937665e-01
-2.331646e+01 -4.928247e-01
-2.338535e+01 -6.912626e-01
-2.347728e+01 -8.887153e-01
-2.359209e+01 -1.084177e+00
-2.372944e+01 -1.275839e+00
-2.388874e+01 -1.460968e+00
-2.406902e+01 -1.635885e+00
-2.426885e+01 -1.796084e+00
-2.448623e+01 -1.936560e+00
-2.471855e+01 -2.052345e+00
-2.496270e+01 -2.139213e+00
-2.521514e+01 -2.194417e+00
-2.547211e+01 -2.217272e+00
-2.572993e+01 -2.209420e+00
-2.598522e+01 -2.174687e+00
-2.623517e+01 -2.118567e+00
-2.647765e+01 -2.047493e+00
-2.671132e+01 -1.968081e+00
-2.693556e+01 -1.886503e+00
-2.715045e+01 -1.808087e+00
-2.735662e+01 -1.737117e+00
-2.755511e+01 -1.676825e+00
-2.774733e+01 -1.629480e+00
-2.793487e+01 -1.596529e+00
-2.811945e+01 -1.578739e+00
-2.830286e+01 -1.576307e+00
-2.848686e+01 -1.588929e+00
-2.867317e+01 -1.615814e+00
-2.886338e+01 -1.655654e+00
-2.905889e+01 -1.706546e+00
-2.926084e+01 -1.765902e+00
-2.947003e+01 -1.830354e+00
-2.968682e+01 -1.895710e+00
-2.991103e+01 -1.957000e+00
-3.014186e+01 -2.008658e+00
-3.037786e+01 -2.044878e+00
-3.061691e+01 -2.060117e+00
-3.085628e+01 -2.049697e+00
-3.109277e+01 -2.010367e+00
-3.132293e+01 -1.940708e+00
-3.154324e+01 -1.841244e+00
-3.175034e+01 -1.714257e+00
-3.194123e+01 -1.563334e+00
-3.211338e+01 -1.392800e+00
-3.226477e+01 -1.207154e+00
-3.239388e+01 -1.010616e+00
-3.249967e+01 -8.068538e-01
-3.258148e+01 -5.988568e-01
-3.263896e+01 -3.889623e-01
-3.267199e+01 -1.789632e-01
-3.268065e+01 2.972684e-02
-3.266517e+01 2.358862e-01
-3.262591e+01 4.382960e-01
-3.256337e+01 6.355635e-01
-3.247827e+01 8.259747e-01
-3.237151e+01 1.007392e+00
-3.224429e+01 1.177218e+00
-3.209812e+01 1.332453e+00
-3.193490e+01 1.469857e+00
-3.175689e+01 1.586225e+00
-3.156670e+01 1.678746e+00
-3.136723e+01 1.745400e+00
-3.116156e+01 1.785290e+00
-3.095280e+01 1.798865e+00
-3.074390e+01 1.787928e+00
-3.053756e+01 1.755469e+00
-3.033607e+01 1.705324e+00
-3.014124e+01 1.641770e+00
-2.995437e+01 1.569110e+00
-2.977629e+01 1.491350e+00
-2.960738e+01 1.411969e+00
-2.944766e+01 1.333807e+00
-2.929685e+01 1.259048e+00
-2.915447e+01 1.189260e+00
-2.901987e+01 1.125484e+00
-2.889230e+01 1.068332e+00
-2.877099e+01 1.018080e+00
-2.865511e+01 9.747639e-01
-2.854388e+01 9.382448e-01
-2.843652e+01 9.082732e-01
-2.833228e+01 8.845297e-01
-2.823045e+01 8.666558e-01
-2.813039e+01 8.542741e-01
-2.803146e+01 8.469986e-01
-2.793310e+01 8.444381e-01
-2.783478e+01 8.461944e-01
-2.773603e+01 8.518549e-01
-2.763641e+01 8.609827e-01
-2.753555e+01 8.731033e-01
-2.743313e+01 8.876908e-01
-2.732890e+01 9.041529e-01
-2.722268e+01 9.218179e-01
-2.711437e+01 9.399242e-01
-2.700397e+01 9.576149e-01
-2.689157e+01 9.739391e-01
-2.677741e+01 9.878626e-01
-2.666182e+01 9.982888e-01
-2.654528e+01 1.004092e+00
-2.642838e+01 1.004160e+00
-2.631186e+01 9.974485e-01
-2.619657e+01 9.830385e-01
-2.608343e+01 9.601954e-01
-2.597347e+01 9.284221e-01
-2.586773e+01 8.875008e-01
-2.576729e+01 8.375178e-01
-2.567317e+01 7.788695e-01
-2.558634e+01 7.122492e-01
-2.550769e+01 6.386159e-01
-2.543796e+01 5.591512e-01
-2.537775e+01 4.752075e-01
-2.532749e+01 3.882550e-01
-2.528745e+01 2.998300e-01
-2.525771e+01 2.114885e-01
-2.523817e+01 1.247666e-01
-2.522856e+01 4.114735e-02
-2.522842e+01 -3.796648e-02
-2.523717e+01 -1.112749e-01
-2.525405e+01 -1.776002e-01
-2.527819e+01 -2.359036e-01
-2.530860e+01 -2.853005e-01
-2.534420e+01 -3.250726e-01
-2.538385e+01 -3.546783e-01
-2.542633e+01 -3.737574e-01
-2.547041e+01 -3.821325e-01
-2.551484e+01 -3.798044e-01
-2.555839e+01 -3.669422e-01
-2.559984e+01 -3.438688e-01
-2.563803e+01 -3.110430e-01
-2.567187e+01 -2.690407e-01
-2.570031e+01 -2.185352e-01
-2.572242e+01 -1.602813e-01
-2.573734e+01 -9.510149e-02
-2.574432e+01 -2.387793e-02
-2.574270e+01 5.245183e-02
-2.573195e+01 1.328944e-01
-2.571166e+01 2.163973e-01
-2.568152e+01 3.018452e-01
-2.564138e+01 3.880567e-01
-2.559123e+01 4.737871e-01
-2.553120e+01 5.577365e-01
-2.546156e+01 6.385692e-01
-2.538277e+01 7.149438e-01
-2.529541e+01 7.855553e-01
-2.520023e+01 8.491875e-01
-2.509811e+01 9.047720e-01
-2.499003e+01 9.514479e-01
-2.487707e+01 9.886156e-01
-2.476035e+01 1.015977e+00
-2.464102e+01 1.033557e+00
-2.452019e+01 1.041699e+00
-2.439894e+01 1.041040e+00
-2.427824e+01 1.032463e+00
-2.415894e+01 1.017035e+00
-2.404179e+01 9.959355e-01
-2.392735e+01 9.703905e-01
-2.381609e+01 9.416065e-01
-2.370831e+01 9.107198e-01
-2.360420e+01 8.787587e-01
-2.350382e+01 8.466188e-01
-2.340716e+01 8.150518e-01
-2.331411e+01 7.846645e-01
-2.322450e+01 7.559259e-01
-2.313812e+01 7.291800e-01
-2.305472e+01 7.046614e-01
-2.297404e+01 6.825126e-01
-2.289580e+01 6.628010e-01
-2.281971e+01 6.455356e-01
-2.274548e+01 6.306812e-01
-2.267285e+01 6.181713e-01
-2.260154e+01 6.079195e-01
-2.253130e+01 5.998282e-01
-2.246187e+01 5.937959e-01
-2.239304e+01 5.897230e-01
-2.232457e+01 5.875160e-01
-2.225625e+01 5.870905e-01
-2.218788e+01 5.883729e-01
-2.211926e+01 5.913014e-01
-2.205021e+01 5.958260e-01
-2.198055e+01 6.019074e-01
-2.191008e+01 6.095153e-01
-2.183865e+01 6.186258e-01
-2.176607e+01 6.292182e-01
-2.169217e+01 6.412706e-01
-2.161678e+01 6.547547e-01
-2.153974e+01 6.696296e-01
-2.146090e+01 6.858348e-01
-2.138009e+01 7.032822e-01
-2.129719e+01 7.218469e-01
-2.121208e+01 7.413580e-01
-2.112464e+01 7.615886e-01
-2.103483e+01 7.822463e-01
-2.094260e+01 8.029645e-01
-2.084799e+01 8.232958e-01
-2.075105e+01 8.427081e-01
-2.065194e+01 8.605857e-01
-2.055087e+01 8.762348e-01
-2.044815e+01 8.888976e-01
-2.034416e+01 8.977722e-01
-2.023940e+01 9.020416e-01
-2.013446e+01 9.009090e-01
-2.002999e+01 8.936389e-01
-1.992676e+01 8.796010e-01
-1.982558e+01 8.583128e-01
-1.972731e+01 8.294777e-01
-1.963285e+01 7.930146e-01
-1.954306e+01 7.490758e-01
-1.945880e+01 6.980510e-01
-1.938087e+01 6.405589e-01
-1.930996e+01 5.774250e-01
-1.924668e+01 5.096513e-01
-1.919149e+01 4.383783e-01
-1.914475e+01 3.648448e-01
-1.910663e+01 2.903479e-01
-1.907717e+01 2.162048e-01
-1.905625e+01 1.437191e-01
-1.904361e+01 7.415078e-02
-1.903883e+01 8.691005e-03
-1.904138e+01 -5.155913e-02
-1.905059e+01 -1.056067e-01
-1.906569e+01 -1.525819e-01
-1.908580e+01 -1.917502e-01
-1.910998e+01 -2.225216e-01
-1.913724e+01 -2.444571e-01
-1.916652e+01 -2.572711e-01
-1.919675e+01 -2.608314e-01
-1.922686e+01 -2.551544e-01
-1.925577e+01 -2.403978e-01
-1.928246e+01 -2.168508e-01
-1.930591e+01 -1.849220e-01
-1.932519e+01 -1.451272e-01
-1.933940e+01 -9.807801e-02
-1.934775e+01 -4.447077e-02
-1.934953e+01 1.492129e-02
-1.934409e+01 7.925427e-02
-1.933093e+01 1.476177e-01
-1.930962e+01 2.190375e-01
-1.927988e+01 2.924788e-01
-1.924152e+01 3.668508e-01
-1.919451e+01 4.410149e-01
-1.913895e+01 5.137978e-01
-1.907505e+01 5.840123e-01
-1.900318e+01 6.504848e-01
-1.892386e+01 7.120906e-01
-1.883770e+01 7.677944e-01
-1.874545e+01 8.166951e-01
-1.864794e+01 8.580680e-01
-1.854608e+01 8.914028e-01
-1.844083e+01 9.164299e-01
-1.833314e+01 9.331334e-01
-1.822399e+01 9.417469e-01
-1.811428e+01 9.427332e-01
-1.800488e+01 9.367493e-01
-1.789653e+01 9.246005e-01
-1.778992e+01 9.071886e-01
-1.768559e+01 8.854602e-01
-1.758399e+01 8.603575e-01
-1.748547e+01 8.327773e-01
-1.739026e+01 8.035388e-01
-1.729851e+01 7.733610e-01
-1.721030e+01 7.428502e-01
-1.712564e+01 7.124946e-01
-1.704448e+01 6.826662e-01
-1.696674e+01 6.536276e-01
-1.689233e+01 6.255410e-01
-1.682113e+01 5.984801e-01
-1.675302e+01 5.724415e-01
-1.668788e+01 5.473566e-01
-1.662561e+01 5.231023e-01
-1.656613e+01 4.995105e-01
-1.650935e+01 4.763765e-01
-1.645526e+01 4.534659e-01
-1.640383e+01 4.305196e-01
-1.635508e+01 4.072588e-01
-1.630908e+01 3.833876e-01
-1.626590e+01 3.585949e-01
-1.622568e+01 3.325564e-01
-1.618857e+01 3.049345e-01
-1.615479e+01 2.753783e-01
-1.612458e+01 2.435232e-01
-1.609823e+01 2.089894e-01
-1.607607e+01 1.713807e-01
-1.605848e+01 1.302825e-01
-1.604590e+01 8.525962e-02
-1.603881e+01 3.585375e-02
-1.603774e+01 -1.841878e-02
-1.604330e+01 -7.806937e-02
-1.605614e+01 -1.436387e-01
-1.607698e+01 -2.156969e-01
-1.610661e+01 -2.948412e-01
-1.614589e+01 -3.816895e-01
-1.619576e+01 -4.768669e-01
-1.625721e+01 -5.809818e-01
-1.633133e+01 -6.945880e-01
-1.641923e+01 -8.181248e-01
-1.652211e+01 -9.518293e-01
-1.664113e+01 -1.095614e+00
-1.677744e+01 -1.248907e+00
-1.693208e+01 -1.410447e+00
-1.710590e+01 -1.578066e+00
-1.729942e+01 -1.748475e+00
-1.751272e+01 -1.917125e+00
-1.774527e+01 -2.078236e+00
-1.799580e+01 -2.225085e+00
-1.826224e+01 -2.350626e+00
-1.854174e+01 -2.448432e+00
-1.883076e+01 -2.513790e+00
-1.912538e+01 -2.544692e+00
-1.942164e+01 -2.542399e+00
-1.971591e+01 -2.511379e+00
-2.000522e+01 -2.458646e+00
-2.028755e+01 -2.392698e+00
-2.056186e+01 -2.322391e+00
-2.082814e+01 -2.256003e+00
-2.108728e+01 -2.200621e+00
-2.134090e+01 -2.161852e+00
-2.159117e+01 -2.143759e+00
-2.184068e+01 -2.148911e+00
-2.209219e+01 -2.178438e+00
-2.234856e+01 -2.232011e+00
-2.261247e+01 -2.307726e+00
-2.288631e+01 -2.401883e+00
-2.317191e+01 -2.508759e+00
-2.347031e+01 -2.620478e+00
-2.378153e+01 -2.727190e+00
-2.410433e+01 -2.817745e+00
-2.443619e+01 -2.880965e+00
-2.477333e+01 -2.907370e+00
-2.511109e+01 -2.890941e+00
-2.544436e+01 -2.830326e+00
-2.576816e+01 -2.729016e+00
-2.607814e+01 -2.594411e+00
-2.637099e+01 -2.436155e+00
-2.664453e+01 -2.264342e+00
-2.689775e+01 -2.088079e+00
-2.713057e+01 -1.914661e+00
-2.734363e+01 -1.749310e+00
-2.753809e+01 -1.595324e+00
-2.771539e+01 -1.454424e+00
-2.787708e+01 -1.327154e+00
-2.802475e+01 -1.213263e+00
-2.815991e+01 -1.112001e+00
-2.828397e+01 -1.022348e+00
-2.839823e+01 -9.431719e-01
-2.850382e+01 -8.733321e-01
-2.860178e+01 -8.117425e-01
-2.869300e+01 -7.574091e-01
-2.877828e+01 -7.094468e-01
-2.885832e+01 -6.670856e-01
-2.893371e+01 -6.296683e-01
-2.900502e+01 -5.966448e-01
-2.907271e+01 -5.675640e-01
-2.913723e+01 -5.420638e-01
-2.919898e+01 -5.198623e-01
-2.925833e+01 -5.007474e-01
-2.931563e+01 -4.845678e-01
-2.937121e+01 -4.712239e-01
-2.942539e+01 -4.606595e-01
-2.947851e+01 -4.528525e-01
-2.953088e+01 -4.478075e-01
-2.958283e+01 -4.455470e-01
-2.963468e+01 -4.461037e-01
-2.968675e+01 -4.495118e-01
-2.973940e+01 -4.557990e-01
-2.979294e+01 -4.649777e-01
-2.984771e+01 -4.770364e-01
-2.990406e+01 -4.919309e-01
-2.996230e+01 -5.095756e-01
-3.002274e+01 -5.298348e-01
-3.008569e+01 -5.525147e-01
-3.015140e+01 -5.773567e-01
-3.022012e+01 -6.040313e-01
-3.029202e+01 -6.321352e-01
-3.036726e+01 -6.611906e-01
-3.044590e+01 -6.906487e-01
-3.052797e+01 -7.198972e-01
-3.061340e+01 -7.482733e-01
-3.070204e+01 -7.750819e-01
-3.079368e+01 -7.996182e-01
-3.088801e+01 -8.211958e-01
-3.098464e+01 -8.391764e-01
-3.108313e+01 -8.530011e-01
-3.118296e+01 -8.622192e-01
-3.128359e+01 -8.665138e-01
-3.138441e+01 -8.657188e-01
-3.148485e+01 -8.598283e-01
-3.158431e+01 -8.489958e-01
-3.168224e+01 -8.335230e-01
-3.177812e+01 -8.138405e-01
-3.187149e+01 -7.904814e-01
-3.196195e+01 -7.640503e-01
-3.204920e+01 -7.351916e-01
-3.213297e+01 -7.045580e-01
-3.221311e+01 -6.727826e-01
-3.228951e+01 -6.404556e-01
-3.236215e+01 -6.081058e-01
-3.243104e+01 -5.761886e-01
-3.249627e+01 -5.450780e-01
-3.255793e+01 -5.150641e-01
-3.261618e+01 -4.863539e-01
-3.267117e+01 -4.590746e-01
-3.272307e+01 -4.332801e-01
-3.277205e+01 -4.089570e-01
-3.281829e+01 -3.860328e-01
-3.286194e+01 -3.643831e-01
-3.290313e+01 -3.438395e-01
-3.294199e+01 -3.241960e-01
-3.297860e+01 -3.052156e-01
-3.301303e+01 -2.866359e-01
-3.304531e+01 -2.681737e-01
-3.307543e+01 -2.495288e-01
-3.310336e+01 -2.303878e-01
-3.312901e+01 -2.104264e-01
-3.315228e+01 -1.893119e-01
-3.317301e+01 -1.667045e-01
-3.319100e+01 -1.422595e-01
-3.320603e+01 -1.156281e-01
-3.321781e+01 -8.645949e-02
-3.322604e+01 -5.440278e-02
-3.323035e+01 -1.910937e-02
-3.323034e+01 1.976323e-02
-3.322559e+01 6.254648e-02
-3.321562e+01 1.095541e-01
-3.319993e+01 1.610727e-01
-3.317796e+01 2.173504e-01
-3.314915e+01 2.785805e-01
-3.311293e+01 3.448823e-01
-3.306870e+01 4.162765e-01
-3.301587e+01 4.926564e-01
-3.295387e+01 5.737534e-01
-3.288218e+01 6.590996e-01
-3.280035e+01 7.479890e-01
-3.270802e+01 8.394405e-01
-3.260495e+01 9.321699e-01
-3.249110e+01 1.024578e+00
-3.236661e+01 1.114763e+00
-3.223186e+01 1.200569e+00
-3.208748e+01 1.279682e+00
-3.193441e+01 1.349756e+00
-3.177382e+01 1.408596e+00
-3.160712e+01 1.454349e+00
-3.143594e+01 1.485694e+00
-3.126197e+01 1.501995e+00
-3.108699e+01 1.503385e+00
-3.091266e+01 1.490778e+00
-3.074055e+01 1.465777e+00
-3.057196e+01 1.430532e+00
-3.040795e+01 1.387544e+00
-3.024926e+01 1.339467e+00
-3.009633e+01 1.288928e+00
-2.994931e+01 1.238385e+00
-2.980806e+01 1.190031e+00
-2.967222e+01 1.145755e+00
-2.954122e+01 1.107126e+00
-2.941431e+01 1.075420e+00
-2.929065e+01 1.051660e+00
-2.916924e+01 1.036661e+00
-2.904904e+01 1.031089e+00
-2.892891e+01 1.035503e+00
-2.880766e+01 1.050401e+00
-2.868404e+01 1.076246e+00
-2.855676e+01 1.113490e+00
-2.842446e+01 1.162570e+00
-2.828575e+01 1.223890e+00
-2.813916e+01 1.297770e+00
-2.798325e+01 1.384368e+00
-2.781652e+01 1.483550e+00
-2.763754e+01 1.594714e+00
-2.744500e+01 1.716572e+00
-2.723775e+01 1.846885e+00
-2.701501e+01 1.982199e+00
-2.677646e+01 2.117643e+00
-2.652245e+01 2.246894e+00
-2.625412e+01 2.362410e+00
-2.597354e+01 2.456037e+00
-2.568373e+01 2.519994e+00
-2.538851e+01 2.548069e+00
-2.509230e+01 2.536738e+00
-2.479972e+01 2.485853e+00
-2.451522e+01 2.398644e+00
-2.424271e+01 2.281038e+00
-2.398529e+01 2.140527e+00
-2.374517e+01 1.984961e+00
-2.352367e+01 1.821547e+00
-2.332135e+01 1.656226e+00
-2.313815e+01 1.493427e+00
-2.297360e+01 1.336106e+00
-2.282695e+01 1.185950e+00
-2.269731e+01 1.043647e+00
-2.258378e+01 9.091560e-01
-2.248546e+01 7.819375e-01
-2.240156e+01 6.611397e-01
-2.233140e+01 5.457314e-01
-2.227440e+01 4.345944e-01
-2.223014e+01 3.265831e-01
-2.219832e+01 2.205594e-01
-2.217878e+01 1.154092e-01
-2.217147e+01 1.004744e-02
-2.217649e+01 -9.658353e-02
-2.219404e+01 -2.055197e-01
-2.222445e+01 -3.177799e-01
-2.226816e+01 -4.343666e-01
-2.232573e+01 -5.562571e-01
-2.239785e+01 -6.843812e-01
-2.248527e+01 -8.195773e-01
-2.258887e+01 -9.625182e-01
-2.270957e+01 -1.113599e+00
-2.284833e+01 -1.272779e+00
-2.300605e+01 -1.439369e+00
-2.318352e+01 -1.611778e+00
-2.338125e+01 -1.787246e+00
-2.359939e+01 -1.961612e+00
-2.383748e+01 -2.129230e+00
-2.409435e+01 -2.283132e+00
-2.436796e+01 -2.415570e+00
-2.465535e+01 -2.518953e+00
-2.495277e+01 -2.587083e+00
-2.525588e+01 -2.616385e+00
-2.556012e+01 -2.606756e+00
-2.586112e+01 -2.561731e+00
-2.615514e+01 -2.487895e+00
-2.643929e+01 -2.393741e+00
-2.671175e+01 -2.288361e+00
-2.697172e+01 -2.180314e+00
-2.721932e+01 -2.076881e+00
-2.745543e+01 -1.983718e+00
-2.768150e+01 -1.904835e+00
-2.789936e+01 -1.842767e+00
-2.811104e+01 -1.798809e+00
-2.831868e+01 -1.773246e+00
-2.852439e+01 -1.765527e+00
-2.873018e+01 -1.774362e+00
-2.893786e+01 -1.797756e+00
-2.914899e+01 -1.832986e+00
-2.936474e+01 -1.876564e+00
-2.958585e+01 -1.924212e+00
-2.981249e+01 -1.970907e+00
-3.004424e+01 -2.011042e+00
-3.028000e+01 -2.038736e+00
-3.051798e+01 -2.048291e+00
-3.075576e+01 -2.034749e+00
-3.099044e+01 -1.994442e+00
-3.121877e+01 -1.925415e+00
-3.143739e+01 -1.827597e+00
-3.164302e+01 -1.702691e+00
-3.183269e+01 -1.553803e+00
-3.200383e+01 -1.384916e+00
-3.215437e+01 -1.200350e+00
-3.228272e+01 -1.004306e+00
-3.238778e+01 -8.005506e-01
-3.246884e+01 -5.922697e-01
-3.252554e+01 -3.820530e-01
-3.255776e+01 -1.719790e-01
-3.256563e+01 3.623950e-02
-3.254945e+01 2.410831e-01
-3.250972e+01 4.410490e-01
-3.244707e+01 6.344905e-01
-3.236239e+01 8.194902e-01
-3.225678e+01 9.937841e-01
-3.213164e+01 1.154758e+00
-3.198869e+01 1.299533e+00
-3.182997e+01 1.425146e+00
-3.165789e+01 1.528824e+00
-3.147514e+01 1.608306e+00
-3.128462e+01 1.662166e+00
-3.108934e+01 1.690067e+00
-3.089229e+01 1.692873e+00
-3.069629e+01 1.672598e+00
-3.050384e+01 1.632196e+00
-3.031710e+01 1.575243e+00
-3.013776e+01 1.505571e+00
-2.996709e+01 1.426933e+00
-2.980591e+01 1.342738e+00
-2.965472e+01 1.255882e+00
-2.951367e+01 1.168672e+00
-2.938270e+01 1.082819e+00
-2.926159e+01 9.994845e-01
-2.914999e+01 9.193598e-01
-2.904751e+01 8.427486e-01
-2.895373e+01 7.696529e-01
-2.886827e+01 6.998484e-01
-2.879076e+01 6.329480e-01
-2.872089e+01 5.684534e-01
-2.865840e+01 5.057941e-01
-2.860313e+01 4.443566e-01
-2.855497e+01 3.835046e-01
-2.851389e+01 3.225927e-01
-2.847993e+01 2.609738e-01
-2.845321e+01 1.980034e-01
-2.843393e+01 1.330394e-01
-2.842235e+01 6.543982e-02
-2.841883e+01 -5.441387e-03
-2.842377e+01 -8.025949e-02
-2.843769e+01 -1.596848e-01
-2.846114e+01 -2.444078e-01
-2.849479e+01 -3.351417e-01
-2.853939e+01 -4.326213e-01
-2.859576e+01 -5.375944e-01
-2.866482e+01 -6.508012e-01
-2.874756e+01 -7.729369e-01
-2.884506e+01 -9.045894e-01
-2.895845e+01 -1.046143e+00
-2.908889e+01 -1.197642e+00
-2.923752e+01 -1.358597e+00
-2.940537e+01 -1.527756e+00
-2.959328e+01 -1.702827e+00
-2.980173e+01 -1.880226e+00
-3.003072e+01 -2.054901e+00
-3.027957e+01 -2.220361e+00
-3.054677e+01 -2.369040e+00
-3.082991e+01 -2.493055e+00
-3.112570e+01 -2.585355e+00
-3.143013e+01 -2.641023e+00
-3.173880e+01 -2.658380e+00
-3.204735e+01 -2.639518e+00
-3.235185e+01 -2.590052e+00
-3.264921e+01 -2.518171e+00
-3.293736e+01 -2.433330e+00
-3.321534e+01 -2.344959e+00
-3.348325e+01 -2.261483e+00
-3.374207e+01 -2.189769e+00
-3.399348e+01 -2.134928e+00
-3.423968e+01 -2.100364e+00
-3.448312e+01 -2.087922e+00
-3.472643e+01 -2.098030e+00
-3.497220e+01 -2.129765e+00
-3.522280e+01 -2.180840e+00
-3.548031e+01 -2.247508e+00
-3.574622e+01 -2.324455e+00
-3.602137e+01 -2.404783e+00
-3.630565e+01 -2.480200e+00
-3.659799e+01 -2.541535e+00
-3.689619e+01 -2.579639e+00
-3.719708e+01 -2.586557e+00
-3.749668e+01 -2.556744e+00
-3.779055e+01 -2.487945e+00
-3.807419e+01 -2.381455e+00
-3.834344e+01 -2.241655e+00
-3.859480e+01 -2.074995e+00
-3.882556e+01 -1.888769e+00
-3.903385e+01 -1.690013e+00
-3.921859e+01 -1.484742e+00
-3.937930e+01 -1.277576e+00
-3.951595e+01 -1.071680e+00
-3.962881e+01 -8.689208e-01
-3.971831e+01 -6.701053e-01
-3.978491e+01 -4.752534e-01
-3.982904e+01 -2.838403e-01
-3.985106e+01 -9.500531e-02
-3.985121e+01 9.227869e-02
-3.982961e+01 2.790610e-01
-3.978625e+01 4.662823e-01
-3.972105e+01 6.546425e-01
-3.963385e+01 8.444542e-01
-3.952449e+01 1.035477e+00
-3.939288e+01 1.226732e+00
-3.923908e+01 1.416319e+00
-3.906346e+01 1.601259e+00
-3.886679e+01 1.777449e+00
-3.865037e+01 1.939767e+00
-3.841615e+01 2.082434e+00
-3.816675e+01 2.199638e+00
-3.790545e+01 2.286379e+00
-3.763600e+01 2.339361e+00
-3.736240e+01 2.357719e+00
-3.708861e+01 2.343332e+00
-3.681819e+01 2.300628e+00
-3.655408e+01 2.235935e+00
-3.629843e+01 2.156584e+00
-3.605250e+01 2.069999e+00
-3.581673e+01 1.982985e+00
-3.559083e+01 1.901282e+00
-3.537390e+01 1.829387e+00
-3.516460e+01 1.770571e+00
-3.496128e+01 1.727007e+00
-3.476207e+01 1.699939e+00
-3.456503e+01 1.689830e+00
-3.436818e+01 1.696466e+00
-3.416962e+01 1.719005e+00
-3.396759e+01 1.755957e+00
-3.376052e+01 1.805122e+00
-3.354716e+01 1.863499e+00
-3.332666e+01 1.927206e+00
-3.309866e+01 1.991454e+00
-3.286342e+01 2.050638e+00
-3.262189e+01 2.098598e+00
-3.237573e+01 2.129062e+00
-3.212734e+01 2.136257e+00
-3.187969e+01 2.115578e+00
-3.163621e+01 2.064175e+00
-3.140055e+01 1.981289e+00
-3.117632e+01 1.868254e+00
-3.096684e+01 1.728152e+00
-3.077504e+01 1.565235e+00
-3.060330e+01 1.384275e+00
-3.045342e+01 1.189973e+00
-3.032673e+01 9.865420e-01
-3.022406e+01 7.774758e-01
-3.014592e+01 5.654972e-01
-3.009250e+01 3.526286e-01
-3.006383e+01 1.403429e-01
-3.005977e+01 -7.024507e-02
-3.008008e+01 -2.781754e-01
-3.012437e+01 -4.824424e-01
-3.019216e+01 -6.818110e-01
-3.028278e+01 -8.746601e-01
-3.039536e+01 -1.058873e+00
-3.052875e+01 -1.231794e+00
-3.068146e+01 -1.390286e+00
-3.085159e+01 -1.530899e+00
-3.103688e+01 -1.650169e+00
-3.123466e+01 -1.745019e+00
-3.144193e+01 -1.813193e+00
-3.165553e+01 -1.853654e+00
-3.187224e+01 -1.866820e+00
-3.208897e+01 -1.854607e+00
-3.230296e+01 -1.820226e+00
-3.251186e+01 -1.767818e+00
-3.271383e+01 -1.701994e+00
-3.290759e+01 -1.627388e+00
-3.309237e+01 -1.548290e+00
-3.326786e+01 -1.468409e+00
-3.343417e+01 -1.390758e+00
-3.359169e+01 -1.317637e+00
-3.374104e+01 -1.250695e+00
-3.388302e+01 -1.191022e+00
-3.401851e+01 -1.139258e+00
-3.414845e+01 -1.095703e+00
-3.427381e+01 -1.060403e+00
-3.439554e+01 -1.033229e+00
-3.451456e+01 -1.013929e+00
-3.463178e+01 -1.002172e+00
-3.474805e+01 -9.975630e-01
-3.486418e+01 -9.996585e-01
-3.498093e+01 -1.007961e+00
-3.509897e+01 -1.021910e+00
-3.521893e+01 -1.040856e+00
-3.534135e+01 -1.064045e+00
-3.546667e+01 -1.090582e+00
-3.559523e+01 -1.119409e+00
-3.572721e+01 -1.149280e+00
-3.586266e+01 -1.178746e+00
-3.600144e+01 -1.206163e+00
-3.614320e+01 -1.229712e+00
-3.628738e+01 -1.247451e+00
-3.643319e+01 -1.257394e+00
-3.657961e+01 -1.257612e+00
-3.672541e+01 -1.246359e+00
-3.686915e+01 -1.222193e+00
-3.700928e+01 -1.184099e+00
-3.714414e+01 -1.131570e+00
-3.727205e+01 -1.064657e+00
-3.739137e+01 -9.839660e-01
-3.750054e+01 -8.906121e-01
-3.759819e+01 -7.861368e-01
-3.768312e+01 -6.724040e-01
-3.775439e+01 -5.514922e-01
-3.781127e+01 -4.255953e-01
-3.785332e+01 -2.969407e-01
-3.788035e+01 -1.677300e-01
-3.789241e+01 -4.009943e-02
-3.788982e+01 8.390405e-02
-3.787310e+01 2.023373e-01
-3.784302e+01 3.133734e-01
-3.780053e+01 4.153168e-01
-3.774679e+01 5.066258e-01
-3.768310e+01 5.859417e-01
-3.761094e+01 6.521247e-01
-3.753189e+01 7.042898e-01
-3.744761e+01 7.418390e-01
-3.735983e+01 7.644819e-01
-3.727029e+01 7.722403e-01
-3.718069e+01 7.654335e-01
-3.709271e+01 7.446441e-01
-3.700791e+01 7.106689e-01
-3.692780e+01 6.644593e-01
-3.685372e+01 6.070585e-01
-3.678692e+01 5.395437e-01
-3.672852e+01 4.629768e-01
-3.667950e+01 3.783698e-01
-3.664074e+01 2.866659e-01
-3.661303e+01 1.887358e-01
-3.659703e+01 8.539022e-02
-3.659333e+01 -2.259547e-02
-3.660244e+01 -1.344463e-01
-3.662474e+01 -2.493448e-01
-3.666055e+01 -3.663850e-01
-3.671004e+01 -4.845254e-01
-3.677330e+01 -6.025489e-01
-3.685021e+01 -7.190330e-01
-3.694050e+01 -8.323406e-01
-3.704371e+01 -9.406367e-01
-3.715912e+01 -1.041940e+00
-3.728583e+01 -1.134213e+00
-3.742264e+01 -1.215484e+00
-3.756819e+01 -1.284004e+00
-3.772089e+01 -1.338402e+00
-3.787907e+01 -1.377839e+00
-3.804094e+01 -1.402107e+00
-3.820478e+01 -1.411682e+00
-3.836893e+01 -1.407694e+00
-3.853190e+01 -1.391842e+00
-3.869245e+01 -1.366246e+00
-3.884956e+01 -1.333284e+00
-3.900253e+01 -1.295420e+00
-3.915092e+01 -1.255060e+00
